5
5
0 0 1 0 1
0 0 0 2 0
0 0 0 0 0
0 0 1 0 1
0 0 2 0 0
6
0 0 1 0 0 0
0 2 1 0 0 0
1 1 1 0 0 0
0 0 0 0 0 0
0 0 0 0 2 1
0 0 0 0 1 1
7
0 0 0 0 0 0 0
0 0 0 1 0 2 0
0 0 0 1 0 0 0
0 1 1 1 1 1 0
0 0 0 1 0 0 0
0 2 0 1 0 0 0
0 0 0 0 0 0 0
10
2 0 0 0 0 0 0 0 0 0
0 2 0 0 0 0 0 0 0 0
0 0 0 0 0 0 0 0 0 0
0 0 0 0 0 0 0 0 0 0
0 0 0 0 0 0 0 0 0 0
0 0 0 0 0 0 0 0 0 0
0 0 0 0 0 0 0 0 0 1
0 0 0 0 0 0 0 0 1 1
0 0 0 0 0 0 0 1 1 1
0 0 0 0 0 0 1 1 1 1
10
0 0 0 0 0 0 0 0 0 0
0 0 0 0 0 0 0 1 0 0
0 0 0 0 1 1 0 0 0 0
0 0 0 0 0 0 0 0 1 0
0 0 1 0 0 2 0 0 0 0
0 0 1 0 0 0 1 1 0 0
0 0 0 2 0 0 0 0 0 0
0 0 0 0 0 1 0 0 0 0
0 0 0 1 0 0 0 0 0 0
0 0 0 0 0 0 0 0 0 0
